%YAML:1.0
---
image_width: 1920
image_height: 1080
camera_matrix: !!opencv-matrix
   rows: 3
   cols: 3
   dt: d
   data: [ 1.1350887262013325e+03, 0., 9.2930730848591736e+02, 0.,
       1.1331860257183139e+03, 5.3166566186870375e+02, 0., 0., 1. ]
distortion_coefficients: !!opencv-matrix
   rows: 1
   cols: 5
   dt: d
   data: [ 1.9823011163348464e-01, -4.4932710334614073e-01,
       -6.1528678489413107e-04, -5.3591184618393018e-05,
       2.3841286037901932e-01 ]
