<?xml version="1.0"?>
<opencv_storage>
<nmarkers>32</nmarkers>
<markersize>4</markersize>
<tau0>4</tau0>
<marker_0>"0100001111011101"</marker_0>
<marker_1>"1001011010010100"</marker_1>
<marker_2>"1110111010001001"</marker_2>
<marker_3>"0110101100010011"</marker_3>
<marker_4>"0110010001101100"</marker_4>
<marker_5>"1101001010011011"</marker_5>
<marker_6>"0011011111010111"</marker_6>
<marker_7>"0100010001000011"</marker_7>
<marker_8>"0011011011101001"</marker_8>
<marker_9>"1011100001101110"</marker_9>
<marker_10>"0001110100111011"</marker_10>
<marker_11>"0010111011011100"</marker_11>
<marker_12>"1100110111100001"</marker_12>
<marker_13>"1011111010111011"</marker_13>
<marker_14>"1110011111011011"</marker_14>
<marker_15>"0010111001000010"</marker_15>
<marker_16>"0001001010000010"</marker_16>
<marker_17>"0010011100101101"</marker_17>
<marker_18>"1011101100100001"</marker_18>
<marker_19>"1110000101100110"</marker_19>
<marker_20>"0011100010111101"</marker_20>
<marker_21>"1011000111011000"</marker_21>
<marker_22>"0100011100010110"</marker_22>
<marker_23>"1000100010001000"</marker_23>
<marker_24>"0110110000011000"</marker_24>
<marker_25>"0111010011011110"</marker_25>
<marker_26>"1000010010110110"</marker_26>
<marker_27>"1011110111100111"</marker_27>
<marker_28>"0100011000101011"</marker_28>
<marker_29>"0011000101000010"</marker_29>
<marker_30>"0010001010010110"</marker_30>
<marker_31>"1001101110011000"</marker_31>
</opencv_storage>
