%YAML:1.0
aruco_bc_nmarkers: 24
aruco_bc_mInfoType: 0
aruco_bc_markers:
   - { id:691, corners:[ [ -350., -230., 0. ], [ -250., -230., 0. ], [
       -250., -130., 0. ], [ -350., -130., 0. ] ] }
   - { id:268, corners:[ [ -230., -230., 0. ], [ -130., -230., 0. ], [
       -130., -130., 0. ], [ -230., -130., 0. ] ] }
   - { id:581, corners:[ [ -110., -230., 0. ], [ -10., -230., 0. ], [
       -10., -130., 0. ], [ -110., -130., 0. ] ] }
   - { id:761, corners:[ [ 10., -230., 0. ], [ 110., -230., 0. ], [ 110.,
       -130., 0. ], [ 10., -130., 0. ] ] }
   - { id:528, corners:[ [ 130., -230., 0. ], [ 230., -230., 0. ], [
       230., -130., 0. ], [ 130., -130., 0. ] ] }
   - { id:286, corners:[ [ 250., -230., 0. ], [ 350., -230., 0. ], [
       350., -130., 0. ], [ 250., -130., 0. ] ] }
   - { id:484, corners:[ [ -350., -110., 0. ], [ -250., -110., 0. ], [
       -250., -10., 0. ], [ -350., -10., 0. ] ] }
   - { id:99, corners:[ [ -230., -110., 0. ], [ -130., -110., 0. ], [
       -130., -10., 0. ], [ -230., -10., 0. ] ] }
   - { id:222, corners:[ [ -110., -110., 0. ], [ -10., -110., 0. ], [
       -10., -10., 0. ], [ -110., -10., 0. ] ] }
   - { id:903, corners:[ [ 10., -110., 0. ], [ 110., -110., 0. ], [ 110.,
       -10., 0. ], [ 10., -10., 0. ] ] }
   - { id:12, corners:[ [ 130., -110., 0. ], [ 230., -110., 0. ], [ 230.,
       -10., 0. ], [ 130., -10., 0. ] ] }
   - { id:538, corners:[ [ 250., -110., 0. ], [ 350., -110., 0. ], [
       350., -10., 0. ], [ 250., -10., 0. ] ] }
   - { id:362, corners:[ [ -350., 10., 0. ], [ -250., 10., 0. ], [ -250.,
       110., 0. ], [ -350., 110., 0. ] ] }
   - { id:886, corners:[ [ -230., 10., 0. ], [ -130., 10., 0. ], [ -130.,
       110., 0. ], [ -230., 110., 0. ] ] }
   - { id:154, corners:[ [ -110., 10., 0. ], [ -10., 10., 0. ], [ -10.,
       110., 0. ], [ -110., 110., 0. ] ] }
   - { id:540, corners:[ [ 10., 10., 0. ], [ 110., 10., 0. ], [ 110.,
       110., 0. ], [ 10., 110., 0. ] ] }
   - { id:132, corners:[ [ 130., 10., 0. ], [ 230., 10., 0. ], [ 230.,
       110., 0. ], [ 130., 110., 0. ] ] }
   - { id:948, corners:[ [ 250., 10., 0. ], [ 350., 10., 0. ], [ 350.,
       110., 0. ], [ 250., 110., 0. ] ] }
   - { id:237, corners:[ [ -350., 130., 0. ], [ -250., 130., 0. ], [
       -250., 230., 0. ], [ -350., 230., 0. ] ] }
   - { id:267, corners:[ [ -230., 130., 0. ], [ -130., 130., 0. ], [
       -130., 230., 0. ], [ -230., 230., 0. ] ] }
   - { id:964, corners:[ [ -110., 130., 0. ], [ -10., 130., 0. ], [ -10.,
       230., 0. ], [ -110., 230., 0. ] ] }
   - { id:173, corners:[ [ 10., 130., 0. ], [ 110., 130., 0. ], [ 110.,
       230., 0. ], [ 10., 230., 0. ] ] }
   - { id:868, corners:[ [ 130., 130., 0. ], [ 230., 130., 0. ], [ 230.,
       230., 0. ], [ 130., 230., 0. ] ] }
   - { id:391, corners:[ [ 250., 130., 0. ], [ 350., 130., 0. ], [ 350.,
       230., 0. ], [ 250., 230., 0. ] ] }
