fx = 628.158
fy = 628.156
cx = 324.099
cy = 260.908
width =  640
height = 480

         
