fx = 628.158
fy = 628.156
cx = 324.099
cy = 260.908
k1 = 0.0995485
k2 = -0.206384
p1 = 0.00754589
p2 = 0.00336531
width =  640
height = 480

         
